acc: 0.6859999895095825
loss: 0.8708437385382476
val_acc: 0.8109999895095825
val_loss: 0.5934895118077596
